%YAML:1.0
R: !!opencv-matrix
   rows: 3
   cols: 3
   dt: d
   data: [ 9.9975845099238192e-001, 5.2938875802113344e-003,
       -2.1331067099445510e-002, -4.9129099556328958e-003,
       9.9982819095221864e-001, 1.7873217197295808e-002,
       2.1422021031658189e-002, -1.7764102327501710e-002,
       9.9961269183790236e-001 ]
T: !!opencv-matrix
   rows: 3
   cols: 1
   dt: d
   data: [ -3.3385294685588018e+000, 4.8752222150629902e-002,
       -1.0621612774501729e-001 ]
R1: !!opencv-matrix
   rows: 3
   cols: 3
   dt: d
   data: [ 9.9989926261610185e-001, -9.8656327051832322e-003,
       1.0204602447048156e-002, 9.7747186682870316e-003,
       9.9991243188225909e-001, 8.9209552326281229e-003,
       -1.0291719716924061e-002, -8.8203094408945016e-003,
       9.9990813710392179e-001 ]
R2: !!opencv-matrix
   rows: 3
   cols: 3
   dt: d
   data: [ 9.9938783533152897e-001, -1.4593963666209884e-002,
       3.1795767263426651e-002, 1.4875488104473816e-002,
       9.9985206173729380e-001, -8.6356524557502003e-003,
       -3.1665035054683058e-002, 9.1033435721273193e-003,
       9.9945707996431421e-001 ]
P1: !!opencv-matrix
   rows: 3
   cols: 4
   dt: d
   data: [ 4.2656306660043305e+002, 0., 3.2185713195800781e+002, 0., 0.,
       4.2656306660043305e+002, 2.4122907447814941e+002, 0., 0., 0., 1.,
       0. ]
P2: !!opencv-matrix
   rows: 3
   cols: 4
   dt: d
   data: [ 4.2656306660043305e+002, 0., 3.2185713195800781e+002,
       -1.4249656816884699e+003, 0., 4.2656306660043305e+002,
       2.4122907447814941e+002, 0., 0., 0., 1., 0. ]
Q: !!opencv-matrix
   rows: 4
   cols: 4
   dt: d
   data: [ 1., 0., 0., -3.2185713195800781e+002, 0., 1., 0.,
       -2.4122907447814941e+002, 0., 0., 0., 4.2656306660043305e+002, 0.,
       0., 2.9934971212428785e-001, 0. ]
validRoiLeft: [ 27, 42, 571, 407 ]
validRoiRight: [ 40, 32, 573, 407 ]
