%YAML:1.0
M1: !!opencv-matrix
   rows: 3
   cols: 3
   dt: d
   data: [ 5.3471330014574585e+002, 0., 3.3513862534129089e+002, 0.,
       5.3471330014574585e+002, 2.4020611211620974e+002, 0., 0., 1. ]
D1: !!opencv-matrix
   rows: 1
   cols: 8
   dt: d
   data: [ -2.7456948645081847e-001, -1.8313659520294744e-002, 0., 0.,
       0., 0., 0., -2.4476896009779697e-001 ]
M2: !!opencv-matrix
   rows: 3
   cols: 3
   dt: d
   data: [ 5.3471330014574585e+002, 0., 3.3401539789486702e+002, 0.,
       5.3471330014574585e+002, 2.4159046721725980e+002, 0., 0., 1. ]
D2: !!opencv-matrix
   rows: 1
   cols: 8
   dt: d
   data: [ -2.8073637369061921e-001, 9.3010333969654552e-002, 0., 0., 0.,
       0., 0., 1.6329629645784025e-002 ]
