<?xml version="1.0"?>
<opencv_storage>
<calibration_Time>"02/23/14 10:03:35"</calibration_Time>
<nrOfFrames>20</nrOfFrames>
<image_Width>640</image_Width>
<image_Height>480</image_Height>
<board_Width>9</board_Width>
<board_Height>6</board_Height>
<square_Size>50.</square_Size>
<FixAspectRatio>1.</FixAspectRatio>
<!-- flags:  +fix_aspectRatio +fix_principal_point +zero_tangent_dist -->
<flagValue>14</flagValue>
<Camera_Matrix type_id="opencv-matrix">
  <rows>3</rows>
  <cols>3</cols>
  <dt>d</dt>
  <data>
    6.7129895838994673e+002 0. 3.1950000000000000e+002 0.
    6.7129895838994673e+002 2.3950000000000000e+002 0. 0. 1.</data></Camera_Matrix>
<Distortion_Coefficients type_id="opencv-matrix">
  <rows>5</rows>
  <cols>1</cols>
  <dt>d</dt>
  <data>
    -9.6190764094250432e-003 1.3631220556693826e-002 0. 0.
    -4.4148326313820568e-001</data></Distortion_Coefficients>
<Avg_Reprojection_Error>4.0268738638998403e-001</Avg_Reprojection_Error>
<Per_View_Reprojection_Errors type_id="opencv-matrix">
  <rows>20</rows>
  <cols>1</cols>
  <dt>f</dt>
  <data>
    1.51641905e-001 4.72270697e-001 2.51912862e-001 2.13585123e-001
    2.70674050e-001 1.06211051e-001 1.01798676e-001 1.71439916e-001
    2.91114807e-001 1.32197022e-001 1.40245870e-001 1.36344895e-001
    5.02957404e-001 2.90243298e-001 3.18351507e-001 3.23698819e-001
    1.73289284e-001 1.09002233e+000 8.85202527e-001 2.79551804e-001</data></Per_View_Reprojection_Errors>
<!-- a set of 6-tuples (rotation vector + translation vector) for each view -->
<Extrinsic_Parameters type_id="opencv-matrix">
  <rows>20</rows>
  <cols>6</cols>
  <dt>d</dt>
  <data>
    -4.8111439269122119e-001 -3.2462704357246364e-001
    1.8886262299424019e+000 -6.0067742219963726e+001
    -1.5083841709250621e+002 1.5505475869839170e+003
    -4.7800215774587862e-001 -3.2602022411660897e-001
    1.9242108369665558e+000 1.2527082770827359e+002
    -3.3828384770202354e+002 1.4407742881676290e+003
    -6.7092558914478084e-001 -6.2710549882564715e-001
    1.5389664078296024e+000 -1.7100586850759674e+002
    -1.5155235392584706e+002 1.3331856622241471e+003
    -6.5027978145322740e-001 1.7870812115041854e-001
    2.8808618393781917e+000 1.2006755028676569e+002
    2.4957603085411307e+002 1.0792562016164818e+003
    -1.0831618800872926e-001 -5.8808561750192230e-002
    1.8092112774158555e+000 6.5057062147918509e+002
    -2.6785536763318009e+002 1.4108380745714410e+003
    -1.6986382679708306e-001 -5.0350089901277040e-002
    1.7782566891480009e+000 5.1397407501839098e+002
    -2.6723919991053208e+002 1.4131199385168552e+003
    -2.7663568581314607e-001 1.2934038213383781e-002
    2.2405131316014777e+000 6.6743315957798563e+002
    6.9341650145061962e+001 1.4228966688523008e+003
    -2.7962205278159485e-001 -8.3529187443693990e-004
    2.2259480108342413e+000 6.0545694635426503e+002
    6.6345302824020976e+001 1.4001151317212236e+003
    -2.4238420338685335e-001 3.8606717704537850e-002
    3.0651999876224516e+000 1.9538698571348215e+002
    1.9760857695370109e+002 1.5746598017461861e+003
    -2.0482362527973269e-001 1.0733250077760766e-002
    3.0963489587828668e+000 2.3322873008470793e+002
    8.2684395850810247e+001 1.4785587990925223e+003
    -2.9688778725343445e-001 -1.4569794645453982e-001
    3.0064430755604770e+000 4.9806992750828192e+002
    -2.2940146586653367e+002 1.4393475094741780e+003
    -5.5224261612977599e-001 -1.3196932891201110e-001
    1.8958888555428042e+000 1.6365166299070015e+002
    6.6970732622884128e+000 1.5968316632564736e+003
    -7.3646515201991591e-001 -5.0538028228335841e-001
    1.5218410036548893e+000 1.5525845029817432e+001
    -3.6503662883295718e+001 1.5781426524944725e+003
    -1.9309856853362714e-001 2.2551739011732611e-001
    1.8494777313225379e+000 1.6552613411057635e+002
    -4.6453906231530674e+001 1.5079810325372935e+003
    -3.3512611883896321e-001 4.3752524868983028e-001
    2.0319250938746900e+000 1.7318886884354393e+002
    -1.1175325791618080e+002 1.3385211125462745e+003
    -4.2882629440569464e-001 3.8441627445840976e-001
    1.9988888847001625e+000 1.4791839260742475e+002
    -8.6771524039483651e+001 1.3631407453195552e+003
    1.8503072112261185e-001 -2.5431191467792963e-001
    2.0416673526338087e+000 -4.1408978521940600e+000
    2.9567333058038262e+001 1.0282426317386016e+003
    1.7449444799421249e-002 -2.4669125362269204e-001
    2.3589484842531889e+000 1.2904934296425330e+002
    2.7896424775141234e+001 1.0642895854579237e+003
    -1.6437297319924060e-001 5.0600241979446646e-002
    2.8590876314142681e+000 9.0676636658636752e+001
    8.6434214851679769e+001 1.1274235403302264e+003
    1.2551243196163364e-001 1.4235397094447641e-001
    1.1271217321356362e+000 4.9522791991258595e+002
    -5.7097454548896496e+002 1.7743711539669243e+003</data></Extrinsic_Parameters>
