%YAML:1.0
R: !!opencv-matrix
   rows: 3
   cols: 3
   dt: d
   data: [ 9.9996000834074061e-001, -4.1721329338535416e-003,
       -7.9104377861305732e-003, 4.4632903326919660e-003,
       9.9929960006629182e-001, 3.7153577845953953e-002,
       7.7498876502879810e-003, -3.7187398593226659e-002,
       9.9927825785777835e-001 ]
T: !!opencv-matrix
   rows: 3
   cols: 1
   dt: d
   data: [ -6.1341936567683542e+000, 6.9894178862007050e-002,
       -9.7607466747292093e-002 ]
E: !!opencv-matrix
   rows: 3
   cols: 3
   dt: d
   data: [ 9.7732249632142892e-004, 9.4939919795365132e-002,
       7.3470199901768243e-002, -5.0064251597676829e-002,
       -2.2770747323568100e-001, 6.1305384684908812e+000,
       -9.7270070924936364e-002, -6.1296056601322855e+000,
       -2.2735434799539941e-001 ]
F: !!opencv-matrix
   rows: 3
   cols: 3
   dt: d
   data: [ -6.3670850905859081e-008, -6.1851696866259582e-006,
       -4.1534542881175073e-003, 3.2615984091097055e-006,
       1.4834743529499831e-005, -4.9787655290842570e-001,
       7.0677031931541548e-003, 4.9106666159472873e-001, 1. ]
R1: !!opencv-matrix
   rows: 3
   cols: 3
   dt: d
   data: [ 9.9984100783641727e-001, -1.6146979156873194e-002,
       7.5653230443232678e-003, 1.6003872466627829e-002,
       9.9969873638984508e-001, 1.8609474109145943e-002,
       -7.8635306783517087e-003, -1.8485440883423999e-002,
       9.9979820631996330e-001 ]
R2: !!opencv-matrix
   rows: 3
   cols: 3
   dt: d
   data: [ 9.9980854486176685e-001, -1.1392010290579978e-002,
       1.5908982460728447e-002, 1.1685147336016633e-002,
       9.9976138593540187e-001, -1.8456124302250122e-002,
       -1.5694933995784425e-002, 1.8638489586440297e-002,
       9.9970309379975608e-001 ]
P1: !!opencv-matrix
   rows: 3
   cols: 4
   dt: d
   data: [ 1.2007178772305435e+003, 0., 2.9294261169433594e+002, 0., 0.,
       1.2007178772305435e+003, 2.5744052886962891e+002, 0., 0., 0., 1.,
       0. ]
P2: !!opencv-matrix
   rows: 3
   cols: 4
   dt: d
   data: [ 1.2007178772305435e+003, 0., 2.9294261169433594e+002,
       -7.3668464066730958e+003, 0., 1.2007178772305435e+003,
       2.5744052886962891e+002, 0., 0., 0., 1., 0. ]
Q: !!opencv-matrix
   rows: 4
   cols: 4
   dt: d
   data: [ 1., 0., 0., -2.9294261169433594e+002, 0., 1., 0.,
       -2.5744052886962891e+002, 0., 0., 0., 1.2007178772305435e+003, 0.,
       0., 1.6298940020561575e-001, 0. ]
validRoiLeft: [ 12, 15, 612, 454 ]
validRoiRight: [ 12, 7, 620, 462 ]
