%YAML:1.0
M1: !!opencv-matrix
   rows: 3
   cols: 3
   dt: d
   data: [ 1.2336745342512909e+003, 0., 3.0677322156038394e+002, 0.,
       1.2336745342512909e+003, 2.8001508833307003e+002, 0., 0., 1. ]
D1: !!opencv-matrix
   rows: 1
   cols: 8
   dt: d
   data: [ 1.2058150150193413e-001, -1.3507338925497916e+000, 0., 0., 0.,
       0., 0., -6.5750695799025349e+000 ]
M2: !!opencv-matrix
   rows: 3
   cols: 3
   dt: d
   data: [ 1.2336745342512909e+003, 0., 3.1059075528690875e+002, 0.,
       1.2336745342512909e+003, 2.3603059475453438e+002, 0., 0., 1. ]
D2: !!opencv-matrix
   rows: 1
   cols: 8
   dt: d
   data: [ -4.5861428865055377e-002, 1.9847053223327265e+000, 0., 0., 0.,
       0., 0., 1.9112591066264180e+001 ]
